               epoch,      train/box_loss,      train/obj_loss,      train/cls_loss,   metrics/precision,      metrics/recall,     metrics/mAP_0.5,metrics/mAP_0.5:0.95,        val/box_loss,        val/obj_loss,        val/cls_loss,               x/lr0,               x/lr1,               x/lr2
                   0,            0.072413,            0.026562,            0.058365,             0.47017,             0.10101,            0.070073,            0.020732,             0.04852,            0.011361,            0.039051,            0.070064,           0.0033262,           0.0033262
                   1,            0.058907,            0.024351,            0.036643,             0.55884,             0.22555,              0.2224,            0.083966,            0.045907,            0.010656,            0.025437,            0.040031,           0.0066266,           0.0066266
                   2,            0.058477,            0.024428,            0.031473,             0.28293,             0.14845,            0.098568,            0.035684,            0.051408,            0.012074,            0.032266,           0.0099653,           0.0098939,           0.0098939
                   3,            0.058828,            0.024487,             0.03214,             0.41459,              0.2741,             0.24837,            0.090599,             0.04345,            0.011354,            0.019469,           0.0098515,           0.0098515,           0.0098515
                   4,            0.055544,            0.024146,            0.028162,             0.62701,             0.29526,             0.26105,             0.10441,             0.04191,            0.011113,            0.018657,           0.0098515,           0.0098515,           0.0098515
                   5,            0.054453,            0.023785,              0.0253,             0.65367,             0.27577,             0.26533,            0.091748,            0.043671,            0.010877,            0.022289,            0.009802,            0.009802,            0.009802
                   6,            0.053538,            0.023533,            0.023163,             0.65334,             0.36987,              0.3465,             0.14017,            0.041022,            0.010365,            0.019402,           0.0097525,           0.0097525,           0.0097525
                   7,            0.052134,            0.023244,            0.021938,             0.58453,             0.34639,             0.35294,             0.15245,             0.03916,            0.010554,              0.0141,            0.009703,            0.009703,            0.009703
                   8,            0.051815,            0.023043,            0.020467,              0.6439,             0.34158,             0.37924,             0.16454,            0.040573,            0.010337,            0.012443,           0.0096535,           0.0096535,           0.0096535
                   9,            0.051036,            0.023076,             0.01994,              0.6441,             0.37416,             0.38789,             0.16764,            0.039367,            0.010187,            0.014041,            0.009604,            0.009604,            0.009604
                  10,            0.050261,            0.023083,             0.01935,             0.62935,               0.387,             0.43765,             0.18986,             0.03913,           0.0099485,            0.012061,           0.0095545,           0.0095545,           0.0095545
                  11,            0.050159,            0.022856,            0.018408,             0.60423,             0.42381,             0.42832,             0.19807,            0.037634,            0.009987,            0.012361,            0.009505,            0.009505,            0.009505
                  12,            0.049862,            0.022598,            0.017763,             0.54807,             0.41489,             0.43921,             0.19709,            0.036343,           0.0099355,            0.012198,           0.0094555,           0.0094555,           0.0094555
                  13,            0.049602,            0.022537,            0.016607,             0.64648,             0.40677,             0.41308,              0.1844,            0.037546,            0.010126,            0.011826,            0.009406,            0.009406,            0.009406
                  14,            0.049078,            0.022438,            0.016448,             0.63998,              0.4215,             0.46601,             0.22552,            0.036812,           0.0097649,            0.010905,           0.0093565,           0.0093565,           0.0093565
                  15,             0.04857,            0.022533,            0.015273,             0.62297,             0.43483,             0.45142,             0.21032,            0.036144,           0.0098474,           0.0082227,            0.009307,            0.009307,            0.009307
                  16,            0.048553,            0.022219,            0.014982,             0.57653,             0.44663,             0.46561,             0.21681,            0.036062,           0.0096749,           0.0086158,           0.0092575,           0.0092575,           0.0092575
                  17,            0.047544,            0.022348,            0.014848,              0.5837,             0.45572,             0.46141,             0.21703,            0.034977,            0.009631,           0.0089827,            0.009208,            0.009208,            0.009208
                  18,            0.048046,            0.022051,            0.014183,             0.64736,             0.43937,             0.47442,             0.22392,              0.0365,           0.0096174,           0.0086448,           0.0091585,           0.0091585,           0.0091585
                  19,            0.047418,            0.021984,            0.014327,             0.55201,             0.46612,             0.49827,             0.23634,              0.0345,           0.0094315,            0.010008,            0.009109,            0.009109,            0.009109
                  20,            0.047511,            0.022066,            0.014218,             0.63435,             0.48383,             0.51549,             0.24329,            0.034666,           0.0093055,           0.0094091,           0.0090595,           0.0090595,           0.0090595
                  21,            0.046788,            0.021961,            0.013971,             0.58627,             0.48177,             0.53075,             0.26014,            0.034017,           0.0093996,           0.0073685,             0.00901,             0.00901,             0.00901
                  22,            0.047066,            0.021793,            0.013455,             0.60398,             0.49157,             0.59391,             0.31417,            0.034024,           0.0092607,            0.006841,           0.0089605,           0.0089605,           0.0089605
                  23,            0.046541,            0.021638,            0.012428,             0.63896,             0.50662,              0.5385,              0.2711,             0.03338,           0.0090951,           0.0077512,            0.008911,            0.008911,            0.008911
                  24,            0.046335,            0.021329,            0.012489,             0.61359,             0.51473,             0.56237,              0.2803,            0.033819,           0.0093081,           0.0079658,           0.0088615,           0.0088615,           0.0088615
                  25,            0.046294,            0.021396,            0.012176,             0.64655,             0.56283,             0.63262,             0.31711,            0.032598,           0.0090011,           0.0060983,            0.008812,            0.008812,            0.008812
                  26,            0.046044,            0.021428,            0.012071,             0.68534,             0.53292,             0.58135,             0.28987,            0.032778,           0.0089918,           0.0064498,           0.0087625,           0.0087625,           0.0087625
                  27,            0.045908,            0.021422,             0.01222,             0.65109,             0.51922,             0.57888,             0.29109,            0.032077,           0.0089076,           0.0047513,            0.008713,            0.008713,            0.008713
                  28,            0.045771,             0.02133,            0.011713,             0.62744,             0.54679,             0.59321,             0.29287,            0.031907,            0.008894,           0.0047132,           0.0086635,           0.0086635,           0.0086635
                  29,            0.045562,            0.021294,            0.011336,             0.63018,             0.54948,             0.57923,             0.29602,            0.031601,           0.0088995,           0.0040925,            0.008614,            0.008614,            0.008614
                  30,            0.045248,            0.021302,            0.011186,             0.62722,              0.6481,             0.59919,             0.30406,              0.0315,           0.0087042,           0.0047723,           0.0085645,           0.0085645,           0.0085645
                  31,             0.04517,            0.021002,            0.010875,             0.60435,             0.57755,             0.60151,             0.31187,             0.03184,           0.0087151,           0.0054207,            0.008515,            0.008515,            0.008515
                  32,            0.045004,            0.020985,            0.010515,             0.64914,             0.57529,             0.62371,             0.32587,            0.031315,           0.0085477,           0.0034493,           0.0084655,           0.0084655,           0.0084655
                  33,            0.044899,            0.020909,            0.010886,             0.67951,             0.64376,             0.66082,             0.34406,            0.031147,           0.0086026,           0.0037413,            0.008416,            0.008416,            0.008416
                  34,             0.04453,            0.020768,            0.010247,             0.62949,             0.58793,             0.62677,             0.32949,            0.030769,           0.0085139,           0.0033645,           0.0083665,           0.0083665,           0.0083665
                  35,            0.044687,            0.020775,            0.010184,              0.6489,             0.67189,             0.65242,             0.34691,            0.030608,           0.0084888,           0.0034539,            0.008317,            0.008317,            0.008317
                  36,             0.04409,            0.020825,            0.010321,             0.68031,             0.66249,             0.75625,             0.42265,            0.030479,           0.0084227,           0.0048846,           0.0082675,           0.0082675,           0.0082675
                  37,            0.044021,            0.020611,           0.0098115,             0.62483,             0.64781,             0.64082,             0.34189,            0.030153,           0.0084624,           0.0036268,            0.008218,            0.008218,            0.008218
                  38,            0.044269,            0.020687,           0.0099879,             0.65356,             0.67786,             0.65646,             0.35072,            0.030107,           0.0084793,           0.0033609,           0.0081685,           0.0081685,           0.0081685
                  39,            0.044132,            0.020794,           0.0093679,             0.66963,             0.68537,             0.69431,             0.39303,            0.029653,            0.008361,           0.0039793,            0.008119,            0.008119,            0.008119
                  40,            0.043837,            0.020434,           0.0091936,             0.73441,             0.65098,             0.70624,             0.40091,             0.02952,           0.0083914,           0.0037596,           0.0080695,           0.0080695,           0.0080695
                  41,            0.043894,            0.020616,           0.0095394,             0.70329,             0.70068,             0.70687,             0.38384,             0.02919,           0.0082492,           0.0043188,             0.00802,             0.00802,             0.00802
                  42,            0.043564,            0.020401,           0.0091277,             0.68532,             0.69168,              0.6714,              0.3698,            0.029346,           0.0082189,           0.0040637,           0.0079705,           0.0079705,           0.0079705
                  43,            0.043816,            0.020497,           0.0094341,             0.63993,             0.62462,             0.65374,             0.35643,            0.029055,           0.0082019,           0.0049328,            0.007921,            0.007921,            0.007921
                  44,             0.04343,            0.020519,           0.0092549,             0.66478,             0.70319,             0.66304,             0.35932,            0.029081,           0.0082004,           0.0045507,           0.0078715,           0.0078715,           0.0078715
                  45,            0.043422,            0.020369,           0.0092134,             0.68641,             0.70274,             0.68412,             0.36816,            0.029212,           0.0081689,           0.0037561,            0.007822,            0.007822,            0.007822
                  46,            0.043151,            0.020349,           0.0087951,             0.69651,             0.60445,             0.67657,             0.36631,            0.029153,           0.0081253,           0.0034921,           0.0077725,           0.0077725,           0.0077725
                  47,            0.043127,            0.020333,           0.0088012,             0.66965,             0.66222,             0.68958,             0.37912,            0.029018,           0.0081163,           0.0032667,            0.007723,            0.007723,            0.007723
                  48,            0.042939,            0.020264,           0.0084901,             0.69009,             0.69623,             0.68352,             0.37717,            0.028759,            0.008112,           0.0034392,           0.0076735,           0.0076735,           0.0076735
                  49,            0.043013,            0.020151,           0.0087937,             0.67206,              0.6671,             0.69391,             0.37776,            0.028533,             0.00808,           0.0036761,            0.007624,            0.007624,            0.007624
                  50,            0.042775,            0.020201,           0.0084506,             0.66894,             0.65508,             0.69279,             0.38358,             0.02822,           0.0080469,           0.0035292,           0.0075745,           0.0075745,           0.0075745
                  51,            0.042692,             0.02021,           0.0084439,              0.6568,              0.6599,             0.68999,             0.39131,            0.028186,           0.0080169,           0.0033985,            0.007525,            0.007525,            0.007525
                  52,            0.042661,            0.020066,           0.0086203,              0.6865,             0.74313,             0.71402,             0.40775,            0.028099,           0.0079978,           0.0028975,           0.0074755,           0.0074755,           0.0074755
                  53,              0.0426,            0.019953,           0.0080878,             0.69107,             0.72182,             0.70292,             0.39774,            0.027886,           0.0079581,           0.0032061,            0.007426,            0.007426,            0.007426
                  54,            0.042296,            0.019996,           0.0081519,             0.70579,             0.72921,             0.70923,              0.4006,             0.02771,           0.0079247,           0.0034666,           0.0073765,           0.0073765,           0.0073765
                  55,            0.042275,            0.019941,            0.007906,             0.70843,             0.72985,             0.71569,             0.40319,            0.027652,           0.0078982,           0.0033875,            0.007327,            0.007327,            0.007327
                  56,            0.042317,            0.019874,           0.0080794,             0.70448,             0.75544,             0.73079,             0.41832,            0.027605,           0.0078636,            0.003295,           0.0072775,           0.0072775,           0.0072775
                  57,            0.042216,            0.019982,           0.0080572,             0.69662,             0.76205,             0.73737,              0.4222,             0.02747,           0.0078525,           0.0030987,            0.007228,            0.007228,            0.007228
                  58,            0.042176,            0.019623,           0.0080788,             0.69925,             0.76426,             0.73953,             0.42521,            0.027357,           0.0078286,           0.0032128,           0.0071785,           0.0071785,           0.0071785
                  59,            0.041948,            0.020041,           0.0077566,              0.6986,             0.76356,             0.73131,             0.41464,            0.027241,           0.0078126,           0.0033161,            0.007129,            0.007129,            0.007129
                  60,            0.041612,            0.019745,           0.0075884,             0.70933,             0.76383,             0.72947,             0.41194,            0.027109,           0.0077978,           0.0034101,           0.0070795,           0.0070795,           0.0070795
                  61,            0.041772,            0.019431,           0.0073936,             0.70979,             0.76588,             0.73529,             0.42122,            0.027008,           0.0077712,           0.0035451,             0.00703,             0.00703,             0.00703
                  62,            0.041323,            0.019624,           0.0072341,             0.73957,              0.7398,             0.75077,             0.43412,            0.026965,           0.0077536,           0.0036618,           0.0069805,           0.0069805,           0.0069805
                  63,            0.041543,            0.019475,           0.0073095,             0.70696,               0.767,             0.73844,             0.41512,            0.026942,           0.0077374,           0.0035862,            0.006931,            0.006931,            0.006931
                  64,            0.041419,            0.019477,           0.0074377,             0.71081,             0.76381,             0.75203,              0.4288,            0.026883,           0.0077206,           0.0034786,           0.0068815,           0.0068815,           0.0068815
                  65,            0.041292,            0.019533,           0.0072488,             0.71611,             0.75927,             0.74054,              0.4187,            0.026796,           0.0077013,           0.0034561,            0.006832,            0.006832,            0.006832
                  66,            0.041189,            0.019532,           0.0074557,             0.71772,             0.75838,             0.75436,             0.44283,            0.026738,           0.0076907,           0.0033755,           0.0067825,           0.0067825,           0.0067825
                  67,            0.040991,            0.019309,            0.007653,             0.70802,             0.76514,             0.79272,             0.47764,            0.026698,           0.0076792,           0.0033333,            0.006733,            0.006733,            0.006733
                  68,            0.041187,            0.019425,           0.0071764,             0.71524,             0.76262,             0.79473,             0.47975,            0.026626,           0.0076631,           0.0032567,           0.0066835,           0.0066835,           0.0066835
                  69,            0.040977,            0.019402,           0.0070713,              0.7191,             0.76549,             0.79666,             0.48133,            0.026557,           0.0076442,           0.0032979,            0.006634,            0.006634,            0.006634
                  70,            0.041138,              0.0194,           0.0070589,             0.72564,             0.76217,             0.79777,              0.4817,            0.026495,           0.0076288,           0.0033019,           0.0065845,           0.0065845,           0.0065845
                  71,            0.040849,            0.019456,           0.0072935,             0.73077,             0.76355,             0.79929,             0.48519,            0.026428,           0.0076141,           0.0032495,            0.006535,            0.006535,            0.006535
                  72,            0.040772,            0.019436,           0.0069064,             0.73529,             0.75808,             0.76038,             0.45133,            0.026404,           0.0076024,           0.0032352,           0.0064855,           0.0064855,           0.0064855
                  73,            0.040687,            0.019165,           0.0070347,             0.74789,             0.75444,             0.77506,             0.46471,            0.026368,           0.0075879,           0.0032263,            0.006436,            0.006436,            0.006436
                  74,            0.040416,            0.019147,           0.0064241,             0.74424,             0.75704,             0.77608,             0.46526,            0.026328,           0.0075741,           0.0032249,           0.0063865,           0.0063865,           0.0063865
                  75,            0.040743,            0.019165,           0.0070786,             0.75114,             0.75226,              0.7767,             0.46647,            0.026301,           0.0075647,           0.0032023,            0.006337,            0.006337,            0.006337
                  76,            0.040626,            0.019143,           0.0069087,             0.75925,             0.74893,             0.81643,             0.50244,            0.026261,           0.0075517,            0.003157,           0.0062875,           0.0062875,           0.0062875
                  77,            0.040417,            0.019102,           0.0067307,             0.76298,             0.75036,             0.81849,             0.50351,            0.026229,           0.0075433,           0.0031445,            0.006238,            0.006238,            0.006238
                  78,            0.039925,            0.018961,           0.0063431,             0.76619,              0.7514,             0.81955,             0.50468,            0.026191,           0.0075327,           0.0031474,           0.0061885,           0.0061885,           0.0061885
                  79,            0.039838,            0.019038,           0.0063163,             0.77245,             0.75112,             0.82207,             0.50551,            0.026153,           0.0075201,           0.0031267,            0.006139,            0.006139,            0.006139
                  80,            0.040273,            0.018999,           0.0065427,             0.77469,             0.75277,             0.82249,             0.50565,             0.02612,           0.0075094,           0.0031342,           0.0060895,           0.0060895,           0.0060895
                  81,            0.040135,            0.018935,           0.0064042,             0.77946,             0.75319,             0.82487,             0.50709,            0.026082,           0.0074998,           0.0030989,             0.00604,             0.00604,             0.00604
                  82,            0.040114,            0.018887,           0.0063002,             0.77472,             0.75633,             0.82565,             0.50786,            0.026048,           0.0074878,           0.0030763,           0.0059905,           0.0059905,           0.0059905
                  83,            0.039754,             0.01869,             0.00627,             0.77799,              0.7581,             0.82732,             0.49794,            0.026008,           0.0074769,           0.0030458,            0.005941,            0.005941,            0.005941
                  84,            0.039612,             0.01867,           0.0065366,             0.78007,              0.7582,             0.82807,             0.49954,            0.025974,           0.0074653,           0.0030055,           0.0058915,           0.0058915,           0.0058915
                  85,            0.039369,            0.018843,           0.0061864,             0.78181,             0.75654,             0.82841,             0.49998,            0.025948,           0.0074538,           0.0029746,            0.005842,            0.005842,            0.005842
                  86,            0.039302,            0.018714,           0.0059921,             0.78428,             0.75859,             0.83077,             0.50105,            0.025918,           0.0074446,           0.0029536,           0.0057925,           0.0057925,           0.0057925
                  87,            0.039183,            0.018602,           0.0058506,             0.79038,             0.75366,             0.83157,             0.50207,            0.025891,           0.0074325,           0.0029546,            0.005743,            0.005743,            0.005743
                  88,            0.039528,            0.018529,           0.0060715,             0.79047,             0.75311,             0.83237,             0.50314,            0.025861,           0.0074211,           0.0029485,           0.0056935,           0.0056935,           0.0056935
                  89,            0.039333,            0.018675,           0.0061078,             0.79369,             0.75115,             0.83435,             0.50317,            0.025834,           0.0074097,            0.002927,            0.005644,            0.005644,            0.005644
                  90,            0.039412,            0.018629,           0.0063201,             0.79268,             0.74971,             0.83388,             0.50403,              0.0258,           0.0073998,           0.0029244,           0.0055945,           0.0055945,           0.0055945
                  91,            0.039315,             0.01853,           0.0059724,             0.79365,             0.75197,             0.83422,             0.50404,            0.025777,           0.0073907,           0.0029126,            0.005545,            0.005545,            0.005545
                  92,            0.039135,            0.018702,           0.0062765,             0.79252,              0.7507,             0.83477,             0.50541,            0.025749,           0.0073812,            0.002911,           0.0054955,           0.0054955,           0.0054955
                  93,            0.039228,            0.018253,           0.0060406,             0.79087,             0.75237,             0.83523,             0.50569,            0.025717,           0.0073725,           0.0029036,            0.005446,            0.005446,            0.005446
                  94,            0.039056,            0.018543,           0.0059366,             0.79307,             0.75266,             0.83597,             0.50641,            0.025685,           0.0073635,           0.0029156,           0.0053965,           0.0053965,           0.0053965
                  95,            0.038909,            0.018447,             0.00589,             0.79385,              0.7524,             0.83623,             0.50642,            0.025653,           0.0073541,           0.0029121,            0.005347,            0.005347,            0.005347
                  96,            0.038879,             0.01867,           0.0060224,             0.79541,             0.75201,             0.83703,             0.50715,            0.025627,           0.0073437,            0.002923,           0.0052975,           0.0052975,           0.0052975
                  97,            0.038816,            0.018329,           0.0056846,             0.79471,             0.75539,             0.83815,             0.50843,            0.025596,           0.0073349,           0.0029257,            0.005248,            0.005248,            0.005248
                  98,            0.038517,            0.018311,           0.0057983,             0.79572,             0.75527,             0.83935,             0.51015,            0.025566,           0.0073257,           0.0029211,           0.0051985,           0.0051985,           0.0051985
                  99,            0.038632,            0.018455,            0.005555,             0.79761,             0.75445,             0.83979,             0.51048,            0.025534,           0.0073156,           0.0029233,            0.005149,            0.005149,            0.005149
                 100,            0.038453,            0.018334,           0.0059014,              0.8004,             0.75379,             0.84011,             0.51179,            0.025498,           0.0073083,           0.0029203,           0.0050995,           0.0050995,           0.0050995
                 101,            0.038439,            0.018165,           0.0056449,             0.80086,             0.75428,             0.84106,             0.51184,            0.025463,           0.0072984,           0.0029039,             0.00505,             0.00505,             0.00505
                 102,            0.038203,            0.018397,           0.0055849,             0.80179,              0.7556,             0.84177,              0.5127,            0.025423,           0.0072868,           0.0028858,           0.0050005,           0.0050005,           0.0050005
                 103,            0.038414,            0.018014,           0.0056773,             0.80128,             0.75732,             0.84223,             0.51348,            0.025378,           0.0072776,           0.0028622,            0.004951,            0.004951,            0.004951
                 104,            0.037941,            0.018172,             0.00537,             0.80089,             0.75761,             0.84323,             0.51403,            0.025339,           0.0072647,           0.0028623,           0.0049015,           0.0049015,           0.0049015
                 105,            0.037852,            0.018179,           0.0054785,             0.80561,             0.76014,             0.84433,             0.51559,            0.025299,           0.0072542,           0.0028466,            0.004852,            0.004852,            0.004852
                 106,            0.038096,            0.018121,           0.0051644,             0.80642,             0.76128,             0.84597,             0.51611,            0.025267,           0.0072443,           0.0028398,           0.0048025,           0.0048025,           0.0048025
                 107,            0.037803,            0.018018,           0.0054061,             0.80809,             0.76201,              0.8475,             0.51822,            0.025238,           0.0072329,           0.0028233,            0.004753,            0.004753,            0.004753
                 108,            0.037788,            0.017917,           0.0056452,             0.81144,             0.76185,             0.88688,             0.54203,            0.025202,           0.0072225,           0.0028284,           0.0047035,           0.0047035,           0.0047035
                 109,             0.03759,            0.017911,            0.004971,             0.81493,             0.76104,             0.88734,             0.54307,            0.025172,           0.0072114,           0.0028214,            0.004654,            0.004654,            0.004654
                 110,            0.037552,             0.01788,           0.0050194,             0.81638,             0.76065,               0.888,             0.54352,            0.025132,           0.0071992,           0.0028169,           0.0046045,           0.0046045,           0.0046045
                 111,            0.037699,            0.017985,           0.0051623,             0.81709,             0.76331,             0.89054,               0.545,            0.025096,           0.0071846,           0.0028155,            0.004555,            0.004555,            0.004555
                 112,            0.037388,            0.017899,           0.0051781,             0.81934,             0.76644,              0.8925,             0.54563,            0.025064,           0.0071733,           0.0028108,           0.0045055,           0.0045055,           0.0045055
                 113,            0.037409,            0.017904,            0.005089,             0.81684,             0.76761,             0.89272,             0.56239,            0.025029,           0.0071602,           0.0027937,            0.004456,            0.004456,            0.004456
                 114,            0.037262,            0.017788,           0.0048213,             0.81865,              0.7666,             0.89282,             0.56284,            0.024996,            0.007148,           0.0027917,           0.0044065,           0.0044065,           0.0044065
                 115,            0.037399,            0.017836,           0.0051501,              0.8221,              0.7674,             0.89445,             0.56428,            0.024955,           0.0071349,            0.002789,            0.004357,            0.004357,            0.004357
                 116,            0.037085,             0.01777,           0.0049921,             0.82968,             0.76624,              0.8958,             0.56444,            0.024913,           0.0071218,           0.0027901,           0.0043075,           0.0043075,           0.0043075
                 117,            0.037047,            0.017666,           0.0048252,              0.8335,             0.76365,             0.89615,             0.56497,            0.024883,           0.0071104,           0.0027795,            0.004258,            0.004258,            0.004258
                 118,            0.036674,            0.017699,           0.0048866,             0.83957,             0.76252,             0.89713,             0.56558,            0.024843,           0.0070983,           0.0027834,           0.0042085,           0.0042085,           0.0042085
                 119,            0.036874,            0.017522,           0.0048822,             0.84393,             0.76115,             0.89794,             0.56633,            0.024806,           0.0070841,           0.0027774,            0.004159,            0.004159,            0.004159
                 120,             0.03666,             0.01753,           0.0047491,             0.85212,             0.75978,             0.89871,             0.56712,            0.024771,           0.0070716,           0.0027783,           0.0041095,           0.0041095,           0.0041095
                 121,            0.036592,            0.017512,           0.0043774,             0.85766,             0.75896,             0.89946,             0.56821,             0.02473,           0.0070586,           0.0027776,             0.00406,             0.00406,             0.00406
                 122,            0.036506,            0.017418,           0.0045385,             0.86454,             0.75814,             0.90021,             0.56984,             0.02469,           0.0070456,           0.0027768,           0.0040105,           0.0040105,           0.0040105
                 123,            0.036354,            0.017583,           0.0048816,              0.8713,             0.75552,             0.90142,               0.571,            0.024661,           0.0070348,            0.002773,            0.003961,            0.003961,            0.003961
                 124,            0.036339,            0.017426,           0.0045946,             0.87642,             0.75376,             0.90242,             0.57154,            0.024632,           0.0070218,           0.0027583,           0.0039115,           0.0039115,           0.0039115
                 125,            0.036166,            0.017362,           0.0044516,              0.8788,             0.75327,              0.9032,             0.57257,            0.024596,           0.0070083,           0.0027494,            0.003862,            0.003862,            0.003862
                 126,            0.036158,            0.017369,           0.0041924,             0.88151,             0.75305,             0.90421,              0.5738,            0.024563,           0.0069962,           0.0027375,           0.0038125,           0.0038125,           0.0038125
                 127,            0.036088,            0.017381,           0.0043997,             0.88398,             0.75253,             0.90476,             0.57496,            0.024532,           0.0069838,           0.0027214,            0.003763,            0.003763,            0.003763
                 128,            0.036168,             0.01731,           0.0045271,              0.8872,             0.75302,              0.9053,              0.5758,            0.024495,           0.0069723,            0.002707,           0.0037135,           0.0037135,           0.0037135
                 129,            0.036183,            0.017221,           0.0043646,             0.89081,             0.75271,             0.90642,             0.57657,            0.024462,           0.0069617,           0.0026935,            0.003664,            0.003664,            0.003664
                 130,             0.03598,            0.017154,           0.0043171,              0.8913,             0.75319,             0.90647,             0.57723,             0.02443,           0.0069488,           0.0026861,           0.0036145,           0.0036145,           0.0036145
                 131,            0.035737,            0.017109,            0.004346,             0.89319,             0.75325,             0.90707,             0.57811,            0.024397,           0.0069359,           0.0026813,            0.003565,            0.003565,            0.003565
                 132,            0.035833,             0.01717,           0.0044841,              0.8967,             0.75261,             0.90739,             0.57937,            0.024354,           0.0069233,           0.0026762,           0.0035155,           0.0035155,           0.0035155
                 133,            0.035581,            0.017185,           0.0042224,             0.89722,             0.75306,             0.90792,             0.58042,            0.024317,           0.0069106,           0.0026573,            0.003466,            0.003466,            0.003466
                 134,            0.035535,             0.01703,           0.0040397,              0.8977,             0.75389,             0.90851,             0.58088,            0.024281,           0.0068972,           0.0026559,           0.0034165,           0.0034165,           0.0034165
                 135,            0.035129,            0.017172,           0.0039003,             0.90051,             0.75303,             0.90951,             0.58198,            0.024248,           0.0068833,           0.0026579,            0.003367,            0.003367,            0.003367
                 136,             0.03567,             0.01688,           0.0043076,             0.90183,             0.75389,             0.91043,             0.58286,            0.024218,           0.0068688,           0.0026656,           0.0033175,           0.0033175,           0.0033175
                 137,            0.035365,            0.016878,           0.0041104,             0.90158,             0.75457,             0.91106,             0.58356,            0.024183,           0.0068553,           0.0026541,            0.003268,            0.003268,            0.003268
                 138,            0.035534,            0.016844,           0.0041348,             0.90259,             0.75551,             0.91193,             0.58385,            0.024153,            0.006842,           0.0026434,           0.0032185,           0.0032185,           0.0032185
                 139,            0.035241,            0.016818,           0.0039399,             0.90454,             0.75584,             0.91269,             0.59319,            0.024115,            0.006829,           0.0026498,            0.003169,            0.003169,            0.003169
                 140,            0.034864,            0.016879,           0.0039191,             0.90639,              0.7553,             0.91306,             0.59395,            0.024079,           0.0068167,           0.0026471,           0.0031195,           0.0031195,           0.0031195
                 141,            0.035033,            0.016752,           0.0038444,              0.9087,             0.75536,             0.91404,             0.59512,            0.024041,           0.0068023,           0.0026481,             0.00307,             0.00307,             0.00307
                 142,            0.034714,            0.016856,           0.0036683,             0.91045,             0.75521,             0.91471,             0.59642,             0.02401,           0.0067884,           0.0026558,           0.0030205,           0.0030205,           0.0030205
                 143,            0.034686,            0.016841,           0.0039102,             0.91037,             0.75543,             0.91513,             0.59749,            0.023975,           0.0067749,           0.0026572,            0.002971,            0.002971,            0.002971
                 144,            0.034767,            0.016726,           0.0036864,             0.91053,             0.75599,             0.91556,             0.59869,            0.023943,           0.0067608,           0.0026542,           0.0029215,           0.0029215,           0.0029215
                 145,            0.034404,             0.01675,           0.0034537,             0.90976,             0.75761,             0.91698,             0.59984,            0.023908,           0.0067474,           0.0026512,            0.002872,            0.002872,            0.002872
                 146,            0.034557,            0.016591,           0.0037564,             0.90987,             0.75848,              0.9184,              0.6018,            0.023873,           0.0067313,           0.0026503,           0.0028225,           0.0028225,           0.0028225
                 147,            0.034194,            0.016694,           0.0036493,             0.91158,             0.75692,             0.91892,             0.60297,            0.023836,           0.0067165,           0.0026549,            0.002773,            0.002773,            0.002773
                 148,            0.034249,            0.016521,           0.0035681,             0.91346,             0.75587,             0.91906,             0.60399,            0.023798,           0.0067008,           0.0026572,           0.0027235,           0.0027235,           0.0027235
                 149,            0.034513,            0.016521,           0.0034736,             0.91389,             0.75731,             0.92054,             0.60536,             0.02375,           0.0066863,            0.002658,            0.002674,            0.002674,            0.002674
                 150,            0.033987,            0.016541,           0.0036227,             0.91348,             0.75782,             0.92156,             0.60665,            0.023706,           0.0066716,           0.0026502,           0.0026245,           0.0026245,           0.0026245
                 151,            0.033882,            0.016457,           0.0034895,             0.91575,             0.75801,             0.92202,             0.60695,            0.023666,           0.0066566,           0.0026506,            0.002575,            0.002575,            0.002575
                 152,            0.033782,            0.016317,           0.0034805,             0.91442,             0.75965,             0.92255,             0.60808,            0.023625,           0.0066435,           0.0026585,           0.0025255,           0.0025255,           0.0025255
                 153,              0.0338,              0.0163,           0.0034539,             0.91503,             0.75956,              0.9229,             0.60968,            0.023589,           0.0066312,           0.0026577,            0.002476,            0.002476,            0.002476
                 154,            0.033641,            0.016247,           0.0034391,             0.91875,             0.75829,             0.92342,             0.61096,            0.023544,           0.0066169,           0.0026579,           0.0024265,           0.0024265,           0.0024265
                 155,            0.033554,            0.016217,           0.0034711,              0.9205,             0.75863,             0.92383,             0.61156,            0.023496,           0.0066032,           0.0026537,            0.002377,            0.002377,            0.002377
                 156,            0.033552,            0.016389,           0.0035203,             0.92056,             0.75771,             0.92504,             0.61243,            0.023457,           0.0065906,           0.0026486,           0.0023275,           0.0023275,           0.0023275
                 157,             0.03319,            0.016161,           0.0032552,             0.92119,             0.75971,             0.92552,              0.6131,            0.023413,           0.0065777,             0.00265,            0.002278,            0.002278,            0.002278
                 158,            0.033071,            0.016135,           0.0033421,             0.92267,             0.76068,             0.92627,             0.61386,            0.023376,            0.006565,           0.0026587,           0.0022285,           0.0022285,           0.0022285
                 159,            0.032979,            0.016109,           0.0033248,             0.92357,             0.76098,             0.92708,             0.61511,            0.023332,           0.0065523,           0.0026546,            0.002179,            0.002179,            0.002179
                 160,            0.032979,            0.015928,           0.0031068,             0.92409,             0.76188,              0.9274,             0.61581,            0.023288,           0.0065391,            0.002656,           0.0021295,           0.0021295,           0.0021295
                 161,            0.032948,            0.016001,           0.0030872,             0.92651,             0.76189,             0.92783,             0.61692,            0.023251,           0.0065265,           0.0026726,             0.00208,             0.00208,             0.00208
                 162,            0.032843,            0.016005,           0.0032434,             0.92789,             0.76294,             0.92846,              0.6179,            0.023205,           0.0065119,           0.0026836,           0.0020305,           0.0020305,           0.0020305
                 163,            0.032823,            0.015912,           0.0032196,             0.92931,              0.7645,             0.92962,             0.61838,            0.023164,           0.0064991,           0.0026871,            0.001981,            0.001981,            0.001981
                 164,            0.032427,            0.015941,           0.0029242,             0.92969,             0.76494,             0.92996,             0.62035,            0.023121,           0.0064846,           0.0027068,           0.0019315,           0.0019315,           0.0019315
                 165,            0.032601,            0.015925,           0.0029584,             0.92932,             0.76534,              0.9301,             0.62129,            0.023078,            0.006472,           0.0027245,            0.001882,            0.001882,            0.001882
                 166,            0.032288,            0.015773,           0.0030059,             0.92877,              0.7658,              0.9306,             0.62312,            0.023025,           0.0064583,           0.0027461,           0.0018325,           0.0018325,           0.0018325
                 167,            0.032166,            0.015758,           0.0027747,             0.92849,             0.76735,             0.93107,             0.62384,            0.022976,           0.0064453,           0.0027565,            0.001783,            0.001783,            0.001783
                 168,            0.032219,            0.015636,           0.0027378,             0.92805,             0.76842,             0.93146,             0.62506,            0.022925,           0.0064328,           0.0027663,           0.0017335,           0.0017335,           0.0017335
                 169,            0.032103,            0.015726,           0.0029596,             0.92877,             0.76849,             0.93183,             0.62607,            0.022875,           0.0064204,           0.0027849,            0.001684,            0.001684,            0.001684
                 170,            0.031873,            0.015699,           0.0027853,               0.926,             0.77127,              0.9323,             0.62715,            0.022823,           0.0064062,           0.0027895,           0.0016345,           0.0016345,           0.0016345
                 171,            0.031516,            0.015464,           0.0026851,             0.92617,             0.77009,              0.9326,             0.62785,            0.022778,           0.0063919,           0.0028213,            0.001585,            0.001585,            0.001585
                 172,            0.031583,            0.015508,           0.0026815,              0.9234,             0.77417,             0.93295,             0.62966,            0.022728,           0.0063786,            0.002845,           0.0015355,           0.0015355,           0.0015355
                 173,            0.031496,            0.015392,           0.0026757,             0.91948,             0.77608,             0.93283,             0.63089,            0.022679,           0.0063666,           0.0028401,            0.001486,            0.001486,            0.001486
                 174,            0.031428,            0.015513,           0.0026616,             0.91998,             0.77772,             0.93352,             0.63225,            0.022628,           0.0063536,           0.0028371,           0.0014365,           0.0014365,           0.0014365
                 175,            0.031661,            0.015404,           0.0026878,             0.91984,             0.78154,             0.93437,             0.63402,            0.022579,           0.0063386,           0.0028319,            0.001387,            0.001387,            0.001387
                 176,            0.031163,            0.015383,           0.0027051,              0.9242,             0.77882,             0.93495,             0.63517,            0.022531,           0.0063251,           0.0028354,           0.0013375,           0.0013375,           0.0013375
                 177,            0.031324,            0.015328,           0.0026891,             0.92614,             0.77728,             0.93556,             0.63645,            0.022483,           0.0063127,           0.0028353,            0.001288,            0.001288,            0.001288
                 178,            0.030941,            0.015295,           0.0025608,             0.92426,             0.77955,             0.93611,             0.63767,            0.022433,           0.0063008,           0.0028403,           0.0012385,           0.0012385,           0.0012385
                 179,            0.030684,            0.015222,            0.002461,              0.9224,             0.78196,             0.93721,             0.63854,            0.022387,           0.0062885,            0.002858,            0.001189,            0.001189,            0.001189
                 180,            0.030903,            0.015254,           0.0025232,             0.91576,             0.78926,              0.9384,             0.64038,            0.022339,           0.0062756,           0.0028738,           0.0011395,           0.0011395,           0.0011395
                 181,            0.030664,            0.015171,           0.0024357,              0.9155,             0.79084,             0.93864,             0.64119,            0.022294,           0.0062633,           0.0028831,             0.00109,             0.00109,             0.00109
                 182,            0.030412,            0.015015,           0.0023381,             0.91352,             0.79239,             0.93923,             0.64278,            0.022248,             0.00625,           0.0028781,           0.0010405,           0.0010405,           0.0010405
                 183,            0.030252,            0.014965,           0.0023385,             0.89622,             0.80527,             0.93954,             0.64424,            0.022202,           0.0062369,           0.0028689,            0.000991,            0.000991,            0.000991
                 184,            0.030423,            0.015013,           0.0021856,             0.89749,             0.80525,             0.93979,              0.6451,            0.022157,           0.0062247,           0.0028623,           0.0009415,           0.0009415,           0.0009415
                 185,             0.02999,            0.015005,           0.0022863,             0.89303,             0.80684,             0.94015,              0.6465,            0.022108,           0.0062133,           0.0028543,            0.000892,            0.000892,            0.000892
                 186,            0.030111,            0.015014,           0.0022035,             0.89451,             0.80855,             0.94055,             0.64759,            0.022062,           0.0062029,           0.0028575,           0.0008425,           0.0008425,           0.0008425
                 187,            0.029868,            0.014795,            0.002134,             0.89494,             0.80944,             0.94079,             0.64927,            0.022015,           0.0061913,           0.0028577,            0.000793,            0.000793,            0.000793
                 188,             0.02984,            0.014744,           0.0022754,             0.89607,             0.80886,             0.94137,             0.65037,            0.021965,           0.0061799,           0.0028628,           0.0007435,           0.0007435,           0.0007435
                 189,            0.029726,            0.014744,           0.0021342,             0.89687,             0.80899,             0.94106,             0.65169,            0.021918,           0.0061683,           0.0028646,            0.000694,            0.000694,            0.000694
                 190,            0.029525,            0.014747,           0.0022688,             0.89763,             0.80904,             0.94127,             0.65312,            0.021875,            0.006158,           0.0028781,           0.0006445,           0.0006445,           0.0006445
                 191,            0.029148,            0.014733,           0.0020352,             0.88943,               0.819,             0.94149,             0.65399,            0.021827,           0.0061472,           0.0028864,            0.000595,            0.000595,            0.000595
                 192,            0.029287,            0.014515,           0.0020265,              0.8897,             0.81959,             0.94182,              0.6553,            0.021781,           0.0061368,           0.0028864,           0.0005455,           0.0005455,           0.0005455
                 193,             0.02934,            0.014461,           0.0020179,             0.88921,             0.82062,             0.94217,             0.65679,            0.021735,           0.0061268,           0.0028902,            0.000496,            0.000496,            0.000496
                 194,            0.029031,            0.014543,            0.002095,             0.89024,             0.82053,             0.94233,             0.65812,            0.021691,           0.0061169,           0.0028883,           0.0004465,           0.0004465,           0.0004465
                 195,            0.028908,            0.014521,           0.0019191,             0.88967,             0.82177,             0.94262,              0.6591,            0.021646,            0.006108,           0.0028873,            0.000397,            0.000397,            0.000397
                 196,             0.02869,            0.014397,           0.0020423,              0.8868,             0.82417,             0.94306,             0.66001,            0.021599,           0.0060978,           0.0029002,           0.0003475,           0.0003475,           0.0003475
                 197,            0.028818,            0.014387,           0.0018591,             0.88548,               0.825,             0.94344,             0.66069,             0.02156,           0.0060886,           0.0029079,            0.000298,            0.000298,            0.000298
                 198,            0.028576,            0.014433,           0.0019492,              0.8847,              0.8252,             0.94372,             0.66155,            0.021515,            0.006079,           0.0029161,           0.0002485,           0.0002485,           0.0002485
                 199,            0.028339,            0.014294,           0.0019672,             0.88444,             0.82564,             0.94399,             0.66291,            0.021472,           0.0060696,           0.0029196,            0.000199,            0.000199,            0.000199
